{
 "cells": [
  {
   "cell_type": "code",
   "execution_count": 1,
   "metadata": {},
   "outputs": [],
   "source": [
    "import pandas as pd"
   ]
  },
  {
   "cell_type": "code",
   "execution_count": 2,
   "metadata": {},
   "outputs": [
    {
     "data": {
      "text/html": [
       "<div>\n",
       "<style scoped>\n",
       "    .dataframe tbody tr th:only-of-type {\n",
       "        vertical-align: middle;\n",
       "    }\n",
       "\n",
       "    .dataframe tbody tr th {\n",
       "        vertical-align: top;\n",
       "    }\n",
       "\n",
       "    .dataframe thead th {\n",
       "        text-align: right;\n",
       "    }\n",
       "</style>\n",
       "<table border=\"1\" class=\"dataframe\">\n",
       "  <thead>\n",
       "    <tr style=\"text-align: right;\">\n",
       "      <th></th>\n",
       "      <th>Unnamed: 0</th>\n",
       "      <th>date</th>\n",
       "      <th>open</th>\n",
       "      <th>close</th>\n",
       "      <th>high</th>\n",
       "      <th>low</th>\n",
       "      <th>volume</th>\n",
       "      <th>code</th>\n",
       "    </tr>\n",
       "  </thead>\n",
       "  <tbody>\n",
       "    <tr>\n",
       "      <th>0</th>\n",
       "      <td>0</td>\n",
       "      <td>2007-03-01</td>\n",
       "      <td>21.878</td>\n",
       "      <td>20.473</td>\n",
       "      <td>22.302</td>\n",
       "      <td>20.040</td>\n",
       "      <td>1977633.51</td>\n",
       "      <td>601318</td>\n",
       "    </tr>\n",
       "    <tr>\n",
       "      <th>1</th>\n",
       "      <td>1</td>\n",
       "      <td>2007-03-02</td>\n",
       "      <td>20.565</td>\n",
       "      <td>20.307</td>\n",
       "      <td>20.758</td>\n",
       "      <td>20.075</td>\n",
       "      <td>425048.32</td>\n",
       "      <td>601318</td>\n",
       "    </tr>\n",
       "    <tr>\n",
       "      <th>2</th>\n",
       "      <td>2</td>\n",
       "      <td>2007-03-05</td>\n",
       "      <td>20.119</td>\n",
       "      <td>19.419</td>\n",
       "      <td>20.202</td>\n",
       "      <td>19.047</td>\n",
       "      <td>419196.74</td>\n",
       "      <td>601318</td>\n",
       "    </tr>\n",
       "    <tr>\n",
       "      <th>3</th>\n",
       "      <td>3</td>\n",
       "      <td>2007-03-06</td>\n",
       "      <td>19.253</td>\n",
       "      <td>19.800</td>\n",
       "      <td>20.128</td>\n",
       "      <td>19.143</td>\n",
       "      <td>297727.88</td>\n",
       "      <td>601318</td>\n",
       "    </tr>\n",
       "    <tr>\n",
       "      <th>4</th>\n",
       "      <td>4</td>\n",
       "      <td>2007-03-07</td>\n",
       "      <td>19.817</td>\n",
       "      <td>20.338</td>\n",
       "      <td>20.522</td>\n",
       "      <td>19.651</td>\n",
       "      <td>287463.78</td>\n",
       "      <td>601318</td>\n",
       "    </tr>\n",
       "    <tr>\n",
       "      <th>...</th>\n",
       "      <td>...</td>\n",
       "      <td>...</td>\n",
       "      <td>...</td>\n",
       "      <td>...</td>\n",
       "      <td>...</td>\n",
       "      <td>...</td>\n",
       "      <td>...</td>\n",
       "      <td>...</td>\n",
       "    </tr>\n",
       "    <tr>\n",
       "      <th>2558</th>\n",
       "      <td>2558</td>\n",
       "      <td>2017-12-11</td>\n",
       "      <td>71.200</td>\n",
       "      <td>73.250</td>\n",
       "      <td>73.310</td>\n",
       "      <td>70.820</td>\n",
       "      <td>1139927.00</td>\n",
       "      <td>601318</td>\n",
       "    </tr>\n",
       "    <tr>\n",
       "      <th>2559</th>\n",
       "      <td>2559</td>\n",
       "      <td>2017-12-12</td>\n",
       "      <td>73.250</td>\n",
       "      <td>71.210</td>\n",
       "      <td>73.560</td>\n",
       "      <td>71.170</td>\n",
       "      <td>777900.00</td>\n",
       "      <td>601318</td>\n",
       "    </tr>\n",
       "    <tr>\n",
       "      <th>2560</th>\n",
       "      <td>2560</td>\n",
       "      <td>2017-12-13</td>\n",
       "      <td>71.210</td>\n",
       "      <td>72.120</td>\n",
       "      <td>72.620</td>\n",
       "      <td>70.200</td>\n",
       "      <td>865117.00</td>\n",
       "      <td>601318</td>\n",
       "    </tr>\n",
       "    <tr>\n",
       "      <th>2561</th>\n",
       "      <td>2561</td>\n",
       "      <td>2017-12-14</td>\n",
       "      <td>72.120</td>\n",
       "      <td>71.010</td>\n",
       "      <td>72.160</td>\n",
       "      <td>70.600</td>\n",
       "      <td>676186.00</td>\n",
       "      <td>601318</td>\n",
       "    </tr>\n",
       "    <tr>\n",
       "      <th>2562</th>\n",
       "      <td>2562</td>\n",
       "      <td>2017-12-15</td>\n",
       "      <td>70.690</td>\n",
       "      <td>70.380</td>\n",
       "      <td>71.440</td>\n",
       "      <td>70.050</td>\n",
       "      <td>735547.00</td>\n",
       "      <td>601318</td>\n",
       "    </tr>\n",
       "  </tbody>\n",
       "</table>\n",
       "<p>2563 rows × 8 columns</p>\n",
       "</div>"
      ],
      "text/plain": [
       "      Unnamed: 0        date    open   close    high     low      volume  \\\n",
       "0              0  2007-03-01  21.878  20.473  22.302  20.040  1977633.51   \n",
       "1              1  2007-03-02  20.565  20.307  20.758  20.075   425048.32   \n",
       "2              2  2007-03-05  20.119  19.419  20.202  19.047   419196.74   \n",
       "3              3  2007-03-06  19.253  19.800  20.128  19.143   297727.88   \n",
       "4              4  2007-03-07  19.817  20.338  20.522  19.651   287463.78   \n",
       "...          ...         ...     ...     ...     ...     ...         ...   \n",
       "2558        2558  2017-12-11  71.200  73.250  73.310  70.820  1139927.00   \n",
       "2559        2559  2017-12-12  73.250  71.210  73.560  71.170   777900.00   \n",
       "2560        2560  2017-12-13  71.210  72.120  72.620  70.200   865117.00   \n",
       "2561        2561  2017-12-14  72.120  71.010  72.160  70.600   676186.00   \n",
       "2562        2562  2017-12-15  70.690  70.380  71.440  70.050   735547.00   \n",
       "\n",
       "        code  \n",
       "0     601318  \n",
       "1     601318  \n",
       "2     601318  \n",
       "3     601318  \n",
       "4     601318  \n",
       "...      ...  \n",
       "2558  601318  \n",
       "2559  601318  \n",
       "2560  601318  \n",
       "2561  601318  \n",
       "2562  601318  \n",
       "\n",
       "[2563 rows x 8 columns]"
      ]
     },
     "execution_count": 2,
     "metadata": {},
     "output_type": "execute_result"
    }
   ],
   "source": [
    "pd.read_csv('601318.csv')"
   ]
  },
  {
   "cell_type": "code",
   "execution_count": 3,
   "metadata": {},
   "outputs": [
    {
     "data": {
      "text/html": [
       "<div>\n",
       "<style scoped>\n",
       "    .dataframe tbody tr th:only-of-type {\n",
       "        vertical-align: middle;\n",
       "    }\n",
       "\n",
       "    .dataframe tbody tr th {\n",
       "        vertical-align: top;\n",
       "    }\n",
       "\n",
       "    .dataframe thead th {\n",
       "        text-align: right;\n",
       "    }\n",
       "</style>\n",
       "<table border=\"1\" class=\"dataframe\">\n",
       "  <thead>\n",
       "    <tr style=\"text-align: right;\">\n",
       "      <th></th>\n",
       "      <th>date</th>\n",
       "      <th>open</th>\n",
       "      <th>close</th>\n",
       "      <th>high</th>\n",
       "      <th>low</th>\n",
       "      <th>volume</th>\n",
       "      <th>code</th>\n",
       "    </tr>\n",
       "  </thead>\n",
       "  <tbody>\n",
       "    <tr>\n",
       "      <th>0</th>\n",
       "      <td>2007-03-01</td>\n",
       "      <td>21.878</td>\n",
       "      <td>20.473</td>\n",
       "      <td>22.302</td>\n",
       "      <td>20.040</td>\n",
       "      <td>1977633.51</td>\n",
       "      <td>601318</td>\n",
       "    </tr>\n",
       "    <tr>\n",
       "      <th>1</th>\n",
       "      <td>2007-03-02</td>\n",
       "      <td>20.565</td>\n",
       "      <td>20.307</td>\n",
       "      <td>20.758</td>\n",
       "      <td>20.075</td>\n",
       "      <td>425048.32</td>\n",
       "      <td>601318</td>\n",
       "    </tr>\n",
       "    <tr>\n",
       "      <th>2</th>\n",
       "      <td>2007-03-05</td>\n",
       "      <td>20.119</td>\n",
       "      <td>19.419</td>\n",
       "      <td>20.202</td>\n",
       "      <td>19.047</td>\n",
       "      <td>419196.74</td>\n",
       "      <td>601318</td>\n",
       "    </tr>\n",
       "    <tr>\n",
       "      <th>3</th>\n",
       "      <td>2007-03-06</td>\n",
       "      <td>19.253</td>\n",
       "      <td>19.800</td>\n",
       "      <td>20.128</td>\n",
       "      <td>19.143</td>\n",
       "      <td>297727.88</td>\n",
       "      <td>601318</td>\n",
       "    </tr>\n",
       "    <tr>\n",
       "      <th>4</th>\n",
       "      <td>2007-03-07</td>\n",
       "      <td>19.817</td>\n",
       "      <td>20.338</td>\n",
       "      <td>20.522</td>\n",
       "      <td>19.651</td>\n",
       "      <td>287463.78</td>\n",
       "      <td>601318</td>\n",
       "    </tr>\n",
       "    <tr>\n",
       "      <th>...</th>\n",
       "      <td>...</td>\n",
       "      <td>...</td>\n",
       "      <td>...</td>\n",
       "      <td>...</td>\n",
       "      <td>...</td>\n",
       "      <td>...</td>\n",
       "      <td>...</td>\n",
       "    </tr>\n",
       "    <tr>\n",
       "      <th>2558</th>\n",
       "      <td>2017-12-11</td>\n",
       "      <td>71.200</td>\n",
       "      <td>73.250</td>\n",
       "      <td>73.310</td>\n",
       "      <td>70.820</td>\n",
       "      <td>1139927.00</td>\n",
       "      <td>601318</td>\n",
       "    </tr>\n",
       "    <tr>\n",
       "      <th>2559</th>\n",
       "      <td>2017-12-12</td>\n",
       "      <td>73.250</td>\n",
       "      <td>71.210</td>\n",
       "      <td>73.560</td>\n",
       "      <td>71.170</td>\n",
       "      <td>777900.00</td>\n",
       "      <td>601318</td>\n",
       "    </tr>\n",
       "    <tr>\n",
       "      <th>2560</th>\n",
       "      <td>2017-12-13</td>\n",
       "      <td>71.210</td>\n",
       "      <td>72.120</td>\n",
       "      <td>72.620</td>\n",
       "      <td>70.200</td>\n",
       "      <td>865117.00</td>\n",
       "      <td>601318</td>\n",
       "    </tr>\n",
       "    <tr>\n",
       "      <th>2561</th>\n",
       "      <td>2017-12-14</td>\n",
       "      <td>72.120</td>\n",
       "      <td>71.010</td>\n",
       "      <td>72.160</td>\n",
       "      <td>70.600</td>\n",
       "      <td>676186.00</td>\n",
       "      <td>601318</td>\n",
       "    </tr>\n",
       "    <tr>\n",
       "      <th>2562</th>\n",
       "      <td>2017-12-15</td>\n",
       "      <td>70.690</td>\n",
       "      <td>70.380</td>\n",
       "      <td>71.440</td>\n",
       "      <td>70.050</td>\n",
       "      <td>735547.00</td>\n",
       "      <td>601318</td>\n",
       "    </tr>\n",
       "  </tbody>\n",
       "</table>\n",
       "<p>2563 rows × 7 columns</p>\n",
       "</div>"
      ],
      "text/plain": [
       "            date    open   close    high     low      volume    code\n",
       "0     2007-03-01  21.878  20.473  22.302  20.040  1977633.51  601318\n",
       "1     2007-03-02  20.565  20.307  20.758  20.075   425048.32  601318\n",
       "2     2007-03-05  20.119  19.419  20.202  19.047   419196.74  601318\n",
       "3     2007-03-06  19.253  19.800  20.128  19.143   297727.88  601318\n",
       "4     2007-03-07  19.817  20.338  20.522  19.651   287463.78  601318\n",
       "...          ...     ...     ...     ...     ...         ...     ...\n",
       "2558  2017-12-11  71.200  73.250  73.310  70.820  1139927.00  601318\n",
       "2559  2017-12-12  73.250  71.210  73.560  71.170   777900.00  601318\n",
       "2560  2017-12-13  71.210  72.120  72.620  70.200   865117.00  601318\n",
       "2561  2017-12-14  72.120  71.010  72.160  70.600   676186.00  601318\n",
       "2562  2017-12-15  70.690  70.380  71.440  70.050   735547.00  601318\n",
       "\n",
       "[2563 rows x 7 columns]"
      ]
     },
     "execution_count": 3,
     "metadata": {},
     "output_type": "execute_result"
    }
   ],
   "source": [
    "pd.read_csv('601318.csv',index_col=0)#将第零列当成索引"
   ]
  },
  {
   "cell_type": "code",
   "execution_count": 4,
   "metadata": {},
   "outputs": [
    {
     "data": {
      "text/html": [
       "<div>\n",
       "<style scoped>\n",
       "    .dataframe tbody tr th:only-of-type {\n",
       "        vertical-align: middle;\n",
       "    }\n",
       "\n",
       "    .dataframe tbody tr th {\n",
       "        vertical-align: top;\n",
       "    }\n",
       "\n",
       "    .dataframe thead th {\n",
       "        text-align: right;\n",
       "    }\n",
       "</style>\n",
       "<table border=\"1\" class=\"dataframe\">\n",
       "  <thead>\n",
       "    <tr style=\"text-align: right;\">\n",
       "      <th></th>\n",
       "      <th>Unnamed: 0</th>\n",
       "      <th>open</th>\n",
       "      <th>close</th>\n",
       "      <th>high</th>\n",
       "      <th>low</th>\n",
       "      <th>volume</th>\n",
       "      <th>code</th>\n",
       "    </tr>\n",
       "    <tr>\n",
       "      <th>date</th>\n",
       "      <th></th>\n",
       "      <th></th>\n",
       "      <th></th>\n",
       "      <th></th>\n",
       "      <th></th>\n",
       "      <th></th>\n",
       "      <th></th>\n",
       "    </tr>\n",
       "  </thead>\n",
       "  <tbody>\n",
       "    <tr>\n",
       "      <th>2007-03-01</th>\n",
       "      <td>0</td>\n",
       "      <td>21.878</td>\n",
       "      <td>20.473</td>\n",
       "      <td>22.302</td>\n",
       "      <td>20.040</td>\n",
       "      <td>1977633.51</td>\n",
       "      <td>601318</td>\n",
       "    </tr>\n",
       "    <tr>\n",
       "      <th>2007-03-02</th>\n",
       "      <td>1</td>\n",
       "      <td>20.565</td>\n",
       "      <td>20.307</td>\n",
       "      <td>20.758</td>\n",
       "      <td>20.075</td>\n",
       "      <td>425048.32</td>\n",
       "      <td>601318</td>\n",
       "    </tr>\n",
       "    <tr>\n",
       "      <th>2007-03-05</th>\n",
       "      <td>2</td>\n",
       "      <td>20.119</td>\n",
       "      <td>19.419</td>\n",
       "      <td>20.202</td>\n",
       "      <td>19.047</td>\n",
       "      <td>419196.74</td>\n",
       "      <td>601318</td>\n",
       "    </tr>\n",
       "    <tr>\n",
       "      <th>2007-03-06</th>\n",
       "      <td>3</td>\n",
       "      <td>19.253</td>\n",
       "      <td>19.800</td>\n",
       "      <td>20.128</td>\n",
       "      <td>19.143</td>\n",
       "      <td>297727.88</td>\n",
       "      <td>601318</td>\n",
       "    </tr>\n",
       "    <tr>\n",
       "      <th>2007-03-07</th>\n",
       "      <td>4</td>\n",
       "      <td>19.817</td>\n",
       "      <td>20.338</td>\n",
       "      <td>20.522</td>\n",
       "      <td>19.651</td>\n",
       "      <td>287463.78</td>\n",
       "      <td>601318</td>\n",
       "    </tr>\n",
       "    <tr>\n",
       "      <th>...</th>\n",
       "      <td>...</td>\n",
       "      <td>...</td>\n",
       "      <td>...</td>\n",
       "      <td>...</td>\n",
       "      <td>...</td>\n",
       "      <td>...</td>\n",
       "      <td>...</td>\n",
       "    </tr>\n",
       "    <tr>\n",
       "      <th>2017-12-11</th>\n",
       "      <td>2558</td>\n",
       "      <td>71.200</td>\n",
       "      <td>73.250</td>\n",
       "      <td>73.310</td>\n",
       "      <td>70.820</td>\n",
       "      <td>1139927.00</td>\n",
       "      <td>601318</td>\n",
       "    </tr>\n",
       "    <tr>\n",
       "      <th>2017-12-12</th>\n",
       "      <td>2559</td>\n",
       "      <td>73.250</td>\n",
       "      <td>71.210</td>\n",
       "      <td>73.560</td>\n",
       "      <td>71.170</td>\n",
       "      <td>777900.00</td>\n",
       "      <td>601318</td>\n",
       "    </tr>\n",
       "    <tr>\n",
       "      <th>2017-12-13</th>\n",
       "      <td>2560</td>\n",
       "      <td>71.210</td>\n",
       "      <td>72.120</td>\n",
       "      <td>72.620</td>\n",
       "      <td>70.200</td>\n",
       "      <td>865117.00</td>\n",
       "      <td>601318</td>\n",
       "    </tr>\n",
       "    <tr>\n",
       "      <th>2017-12-14</th>\n",
       "      <td>2561</td>\n",
       "      <td>72.120</td>\n",
       "      <td>71.010</td>\n",
       "      <td>72.160</td>\n",
       "      <td>70.600</td>\n",
       "      <td>676186.00</td>\n",
       "      <td>601318</td>\n",
       "    </tr>\n",
       "    <tr>\n",
       "      <th>2017-12-15</th>\n",
       "      <td>2562</td>\n",
       "      <td>70.690</td>\n",
       "      <td>70.380</td>\n",
       "      <td>71.440</td>\n",
       "      <td>70.050</td>\n",
       "      <td>735547.00</td>\n",
       "      <td>601318</td>\n",
       "    </tr>\n",
       "  </tbody>\n",
       "</table>\n",
       "<p>2563 rows × 7 columns</p>\n",
       "</div>"
      ],
      "text/plain": [
       "            Unnamed: 0    open   close    high     low      volume    code\n",
       "date                                                                      \n",
       "2007-03-01           0  21.878  20.473  22.302  20.040  1977633.51  601318\n",
       "2007-03-02           1  20.565  20.307  20.758  20.075   425048.32  601318\n",
       "2007-03-05           2  20.119  19.419  20.202  19.047   419196.74  601318\n",
       "2007-03-06           3  19.253  19.800  20.128  19.143   297727.88  601318\n",
       "2007-03-07           4  19.817  20.338  20.522  19.651   287463.78  601318\n",
       "...                ...     ...     ...     ...     ...         ...     ...\n",
       "2017-12-11        2558  71.200  73.250  73.310  70.820  1139927.00  601318\n",
       "2017-12-12        2559  73.250  71.210  73.560  71.170   777900.00  601318\n",
       "2017-12-13        2560  71.210  72.120  72.620  70.200   865117.00  601318\n",
       "2017-12-14        2561  72.120  71.010  72.160  70.600   676186.00  601318\n",
       "2017-12-15        2562  70.690  70.380  71.440  70.050   735547.00  601318\n",
       "\n",
       "[2563 rows x 7 columns]"
      ]
     },
     "execution_count": 4,
     "metadata": {},
     "output_type": "execute_result"
    }
   ],
   "source": [
    "pd.read_csv('601318.csv',index_col='date')#将时间当成索引"
   ]
  },
  {
   "cell_type": "code",
   "execution_count": 6,
   "metadata": {},
   "outputs": [],
   "source": [
    "df = _"
   ]
  },
  {
   "cell_type": "code",
   "execution_count": 7,
   "metadata": {},
   "outputs": [
    {
     "data": {
      "text/plain": [
       "'2007-03-01'"
      ]
     },
     "execution_count": 7,
     "metadata": {},
     "output_type": "execute_result"
    }
   ],
   "source": [
    "df.index[0]"
   ]
  },
  {
   "cell_type": "code",
   "execution_count": 8,
   "metadata": {},
   "outputs": [
    {
     "data": {
      "text/plain": [
       "Index(['2007-03-01', '2007-03-02', '2007-03-05', '2007-03-06', '2007-03-07',\n",
       "       '2007-03-08', '2007-03-09', '2007-03-12', '2007-03-13', '2007-03-14',\n",
       "       ...\n",
       "       '2017-12-04', '2017-12-05', '2017-12-06', '2017-12-07', '2017-12-08',\n",
       "       '2017-12-11', '2017-12-12', '2017-12-13', '2017-12-14', '2017-12-15'],\n",
       "      dtype='object', name='date', length=2563)"
      ]
     },
     "execution_count": 8,
     "metadata": {},
     "output_type": "execute_result"
    }
   ],
   "source": [
    "df.index"
   ]
  },
  {
   "cell_type": "code",
   "execution_count": 9,
   "metadata": {},
   "outputs": [
    {
     "data": {
      "text/html": [
       "<div>\n",
       "<style scoped>\n",
       "    .dataframe tbody tr th:only-of-type {\n",
       "        vertical-align: middle;\n",
       "    }\n",
       "\n",
       "    .dataframe tbody tr th {\n",
       "        vertical-align: top;\n",
       "    }\n",
       "\n",
       "    .dataframe thead th {\n",
       "        text-align: right;\n",
       "    }\n",
       "</style>\n",
       "<table border=\"1\" class=\"dataframe\">\n",
       "  <thead>\n",
       "    <tr style=\"text-align: right;\">\n",
       "      <th></th>\n",
       "      <th>Unnamed: 0</th>\n",
       "      <th>open</th>\n",
       "      <th>close</th>\n",
       "      <th>high</th>\n",
       "      <th>low</th>\n",
       "      <th>volume</th>\n",
       "      <th>code</th>\n",
       "    </tr>\n",
       "    <tr>\n",
       "      <th>date</th>\n",
       "      <th></th>\n",
       "      <th></th>\n",
       "      <th></th>\n",
       "      <th></th>\n",
       "      <th></th>\n",
       "      <th></th>\n",
       "      <th></th>\n",
       "    </tr>\n",
       "  </thead>\n",
       "  <tbody>\n",
       "    <tr>\n",
       "      <th>2007-03-01</th>\n",
       "      <td>0</td>\n",
       "      <td>21.878</td>\n",
       "      <td>20.473</td>\n",
       "      <td>22.302</td>\n",
       "      <td>20.040</td>\n",
       "      <td>1977633.51</td>\n",
       "      <td>601318</td>\n",
       "    </tr>\n",
       "    <tr>\n",
       "      <th>2007-03-02</th>\n",
       "      <td>1</td>\n",
       "      <td>20.565</td>\n",
       "      <td>20.307</td>\n",
       "      <td>20.758</td>\n",
       "      <td>20.075</td>\n",
       "      <td>425048.32</td>\n",
       "      <td>601318</td>\n",
       "    </tr>\n",
       "    <tr>\n",
       "      <th>2007-03-05</th>\n",
       "      <td>2</td>\n",
       "      <td>20.119</td>\n",
       "      <td>19.419</td>\n",
       "      <td>20.202</td>\n",
       "      <td>19.047</td>\n",
       "      <td>419196.74</td>\n",
       "      <td>601318</td>\n",
       "    </tr>\n",
       "    <tr>\n",
       "      <th>2007-03-06</th>\n",
       "      <td>3</td>\n",
       "      <td>19.253</td>\n",
       "      <td>19.800</td>\n",
       "      <td>20.128</td>\n",
       "      <td>19.143</td>\n",
       "      <td>297727.88</td>\n",
       "      <td>601318</td>\n",
       "    </tr>\n",
       "    <tr>\n",
       "      <th>2007-03-07</th>\n",
       "      <td>4</td>\n",
       "      <td>19.817</td>\n",
       "      <td>20.338</td>\n",
       "      <td>20.522</td>\n",
       "      <td>19.651</td>\n",
       "      <td>287463.78</td>\n",
       "      <td>601318</td>\n",
       "    </tr>\n",
       "    <tr>\n",
       "      <th>...</th>\n",
       "      <td>...</td>\n",
       "      <td>...</td>\n",
       "      <td>...</td>\n",
       "      <td>...</td>\n",
       "      <td>...</td>\n",
       "      <td>...</td>\n",
       "      <td>...</td>\n",
       "    </tr>\n",
       "    <tr>\n",
       "      <th>2017-12-11</th>\n",
       "      <td>2558</td>\n",
       "      <td>71.200</td>\n",
       "      <td>73.250</td>\n",
       "      <td>73.310</td>\n",
       "      <td>70.820</td>\n",
       "      <td>1139927.00</td>\n",
       "      <td>601318</td>\n",
       "    </tr>\n",
       "    <tr>\n",
       "      <th>2017-12-12</th>\n",
       "      <td>2559</td>\n",
       "      <td>73.250</td>\n",
       "      <td>71.210</td>\n",
       "      <td>73.560</td>\n",
       "      <td>71.170</td>\n",
       "      <td>777900.00</td>\n",
       "      <td>601318</td>\n",
       "    </tr>\n",
       "    <tr>\n",
       "      <th>2017-12-13</th>\n",
       "      <td>2560</td>\n",
       "      <td>71.210</td>\n",
       "      <td>72.120</td>\n",
       "      <td>72.620</td>\n",
       "      <td>70.200</td>\n",
       "      <td>865117.00</td>\n",
       "      <td>601318</td>\n",
       "    </tr>\n",
       "    <tr>\n",
       "      <th>2017-12-14</th>\n",
       "      <td>2561</td>\n",
       "      <td>72.120</td>\n",
       "      <td>71.010</td>\n",
       "      <td>72.160</td>\n",
       "      <td>70.600</td>\n",
       "      <td>676186.00</td>\n",
       "      <td>601318</td>\n",
       "    </tr>\n",
       "    <tr>\n",
       "      <th>2017-12-15</th>\n",
       "      <td>2562</td>\n",
       "      <td>70.690</td>\n",
       "      <td>70.380</td>\n",
       "      <td>71.440</td>\n",
       "      <td>70.050</td>\n",
       "      <td>735547.00</td>\n",
       "      <td>601318</td>\n",
       "    </tr>\n",
       "  </tbody>\n",
       "</table>\n",
       "<p>2563 rows × 7 columns</p>\n",
       "</div>"
      ],
      "text/plain": [
       "            Unnamed: 0    open   close    high     low      volume    code\n",
       "date                                                                      \n",
       "2007-03-01           0  21.878  20.473  22.302  20.040  1977633.51  601318\n",
       "2007-03-02           1  20.565  20.307  20.758  20.075   425048.32  601318\n",
       "2007-03-05           2  20.119  19.419  20.202  19.047   419196.74  601318\n",
       "2007-03-06           3  19.253  19.800  20.128  19.143   297727.88  601318\n",
       "2007-03-07           4  19.817  20.338  20.522  19.651   287463.78  601318\n",
       "...                ...     ...     ...     ...     ...         ...     ...\n",
       "2017-12-11        2558  71.200  73.250  73.310  70.820  1139927.00  601318\n",
       "2017-12-12        2559  73.250  71.210  73.560  71.170   777900.00  601318\n",
       "2017-12-13        2560  71.210  72.120  72.620  70.200   865117.00  601318\n",
       "2017-12-14        2561  72.120  71.010  72.160  70.600   676186.00  601318\n",
       "2017-12-15        2562  70.690  70.380  71.440  70.050   735547.00  601318\n",
       "\n",
       "[2563 rows x 7 columns]"
      ]
     },
     "execution_count": 9,
     "metadata": {},
     "output_type": "execute_result"
    }
   ],
   "source": [
    "pd.read_csv('601318.csv',index_col='date',parse_dates=True)"
   ]
  },
  {
   "cell_type": "code",
   "execution_count": 10,
   "metadata": {},
   "outputs": [],
   "source": [
    "df = _"
   ]
  },
  {
   "cell_type": "code",
   "execution_count": 11,
   "metadata": {},
   "outputs": [
    {
     "data": {
      "text/plain": [
       "DatetimeIndex(['2007-03-01', '2007-03-02', '2007-03-05', '2007-03-06',\n",
       "               '2007-03-07', '2007-03-08', '2007-03-09', '2007-03-12',\n",
       "               '2007-03-13', '2007-03-14',\n",
       "               ...\n",
       "               '2017-12-04', '2017-12-05', '2017-12-06', '2017-12-07',\n",
       "               '2017-12-08', '2017-12-11', '2017-12-12', '2017-12-13',\n",
       "               '2017-12-14', '2017-12-15'],\n",
       "              dtype='datetime64[ns]', name='date', length=2563, freq=None)"
      ]
     },
     "execution_count": 11,
     "metadata": {},
     "output_type": "execute_result"
    }
   ],
   "source": [
    "df.index"
   ]
  },
  {
   "cell_type": "code",
   "execution_count": 12,
   "metadata": {},
   "outputs": [
    {
     "data": {
      "text/html": [
       "<div>\n",
       "<style scoped>\n",
       "    .dataframe tbody tr th:only-of-type {\n",
       "        vertical-align: middle;\n",
       "    }\n",
       "\n",
       "    .dataframe tbody tr th {\n",
       "        vertical-align: top;\n",
       "    }\n",
       "\n",
       "    .dataframe thead th {\n",
       "        text-align: right;\n",
       "    }\n",
       "</style>\n",
       "<table border=\"1\" class=\"dataframe\">\n",
       "  <thead>\n",
       "    <tr style=\"text-align: right;\">\n",
       "      <th></th>\n",
       "      <th>Unnamed: 0</th>\n",
       "      <th>open</th>\n",
       "      <th>close</th>\n",
       "      <th>high</th>\n",
       "      <th>low</th>\n",
       "      <th>volume</th>\n",
       "      <th>code</th>\n",
       "    </tr>\n",
       "    <tr>\n",
       "      <th>date</th>\n",
       "      <th></th>\n",
       "      <th></th>\n",
       "      <th></th>\n",
       "      <th></th>\n",
       "      <th></th>\n",
       "      <th></th>\n",
       "      <th></th>\n",
       "    </tr>\n",
       "  </thead>\n",
       "  <tbody>\n",
       "    <tr>\n",
       "      <th>2007-03-01</th>\n",
       "      <td>0</td>\n",
       "      <td>21.878</td>\n",
       "      <td>20.473</td>\n",
       "      <td>22.302</td>\n",
       "      <td>20.040</td>\n",
       "      <td>1977633.51</td>\n",
       "      <td>601318</td>\n",
       "    </tr>\n",
       "    <tr>\n",
       "      <th>2007-03-02</th>\n",
       "      <td>1</td>\n",
       "      <td>20.565</td>\n",
       "      <td>20.307</td>\n",
       "      <td>20.758</td>\n",
       "      <td>20.075</td>\n",
       "      <td>425048.32</td>\n",
       "      <td>601318</td>\n",
       "    </tr>\n",
       "    <tr>\n",
       "      <th>2007-03-05</th>\n",
       "      <td>2</td>\n",
       "      <td>20.119</td>\n",
       "      <td>19.419</td>\n",
       "      <td>20.202</td>\n",
       "      <td>19.047</td>\n",
       "      <td>419196.74</td>\n",
       "      <td>601318</td>\n",
       "    </tr>\n",
       "    <tr>\n",
       "      <th>2007-03-06</th>\n",
       "      <td>3</td>\n",
       "      <td>19.253</td>\n",
       "      <td>19.800</td>\n",
       "      <td>20.128</td>\n",
       "      <td>19.143</td>\n",
       "      <td>297727.88</td>\n",
       "      <td>601318</td>\n",
       "    </tr>\n",
       "    <tr>\n",
       "      <th>2007-03-07</th>\n",
       "      <td>4</td>\n",
       "      <td>19.817</td>\n",
       "      <td>20.338</td>\n",
       "      <td>20.522</td>\n",
       "      <td>19.651</td>\n",
       "      <td>287463.78</td>\n",
       "      <td>601318</td>\n",
       "    </tr>\n",
       "    <tr>\n",
       "      <th>...</th>\n",
       "      <td>...</td>\n",
       "      <td>...</td>\n",
       "      <td>...</td>\n",
       "      <td>...</td>\n",
       "      <td>...</td>\n",
       "      <td>...</td>\n",
       "      <td>...</td>\n",
       "    </tr>\n",
       "    <tr>\n",
       "      <th>2017-12-11</th>\n",
       "      <td>2558</td>\n",
       "      <td>71.200</td>\n",
       "      <td>73.250</td>\n",
       "      <td>73.310</td>\n",
       "      <td>70.820</td>\n",
       "      <td>1139927.00</td>\n",
       "      <td>601318</td>\n",
       "    </tr>\n",
       "    <tr>\n",
       "      <th>2017-12-12</th>\n",
       "      <td>2559</td>\n",
       "      <td>73.250</td>\n",
       "      <td>71.210</td>\n",
       "      <td>73.560</td>\n",
       "      <td>71.170</td>\n",
       "      <td>777900.00</td>\n",
       "      <td>601318</td>\n",
       "    </tr>\n",
       "    <tr>\n",
       "      <th>2017-12-13</th>\n",
       "      <td>2560</td>\n",
       "      <td>71.210</td>\n",
       "      <td>72.120</td>\n",
       "      <td>72.620</td>\n",
       "      <td>70.200</td>\n",
       "      <td>865117.00</td>\n",
       "      <td>601318</td>\n",
       "    </tr>\n",
       "    <tr>\n",
       "      <th>2017-12-14</th>\n",
       "      <td>2561</td>\n",
       "      <td>72.120</td>\n",
       "      <td>71.010</td>\n",
       "      <td>72.160</td>\n",
       "      <td>70.600</td>\n",
       "      <td>676186.00</td>\n",
       "      <td>601318</td>\n",
       "    </tr>\n",
       "    <tr>\n",
       "      <th>2017-12-15</th>\n",
       "      <td>2562</td>\n",
       "      <td>70.690</td>\n",
       "      <td>70.380</td>\n",
       "      <td>71.440</td>\n",
       "      <td>70.050</td>\n",
       "      <td>735547.00</td>\n",
       "      <td>601318</td>\n",
       "    </tr>\n",
       "  </tbody>\n",
       "</table>\n",
       "<p>2563 rows × 7 columns</p>\n",
       "</div>"
      ],
      "text/plain": [
       "            Unnamed: 0    open   close    high     low      volume    code\n",
       "date                                                                      \n",
       "2007-03-01           0  21.878  20.473  22.302  20.040  1977633.51  601318\n",
       "2007-03-02           1  20.565  20.307  20.758  20.075   425048.32  601318\n",
       "2007-03-05           2  20.119  19.419  20.202  19.047   419196.74  601318\n",
       "2007-03-06           3  19.253  19.800  20.128  19.143   297727.88  601318\n",
       "2007-03-07           4  19.817  20.338  20.522  19.651   287463.78  601318\n",
       "...                ...     ...     ...     ...     ...         ...     ...\n",
       "2017-12-11        2558  71.200  73.250  73.310  70.820  1139927.00  601318\n",
       "2017-12-12        2559  73.250  71.210  73.560  71.170   777900.00  601318\n",
       "2017-12-13        2560  71.210  72.120  72.620  70.200   865117.00  601318\n",
       "2017-12-14        2561  72.120  71.010  72.160  70.600   676186.00  601318\n",
       "2017-12-15        2562  70.690  70.380  71.440  70.050   735547.00  601318\n",
       "\n",
       "[2563 rows x 7 columns]"
      ]
     },
     "execution_count": 12,
     "metadata": {},
     "output_type": "execute_result"
    }
   ],
   "source": [
    "pd.read_csv('601318.csv',index_col='date',parse_dates=['date']) "
   ]
  },
  {
   "cell_type": "code",
   "execution_count": 13,
   "metadata": {},
   "outputs": [],
   "source": [
    "df = _"
   ]
  },
  {
   "cell_type": "code",
   "execution_count": 14,
   "metadata": {},
   "outputs": [
    {
     "data": {
      "text/plain": [
       "DatetimeIndex(['2007-03-01', '2007-03-02', '2007-03-05', '2007-03-06',\n",
       "               '2007-03-07', '2007-03-08', '2007-03-09', '2007-03-12',\n",
       "               '2007-03-13', '2007-03-14',\n",
       "               ...\n",
       "               '2017-12-04', '2017-12-05', '2017-12-06', '2017-12-07',\n",
       "               '2017-12-08', '2017-12-11', '2017-12-12', '2017-12-13',\n",
       "               '2017-12-14', '2017-12-15'],\n",
       "              dtype='datetime64[ns]', name='date', length=2563, freq=None)"
      ]
     },
     "execution_count": 14,
     "metadata": {},
     "output_type": "execute_result"
    }
   ],
   "source": [
    "df.index"
   ]
  },
  {
   "cell_type": "code",
   "execution_count": 16,
   "metadata": {},
   "outputs": [
    {
     "data": {
      "text/html": [
       "<div>\n",
       "<style scoped>\n",
       "    .dataframe tbody tr th:only-of-type {\n",
       "        vertical-align: middle;\n",
       "    }\n",
       "\n",
       "    .dataframe tbody tr th {\n",
       "        vertical-align: top;\n",
       "    }\n",
       "\n",
       "    .dataframe thead th {\n",
       "        text-align: right;\n",
       "    }\n",
       "</style>\n",
       "<table border=\"1\" class=\"dataframe\">\n",
       "  <thead>\n",
       "    <tr style=\"text-align: right;\">\n",
       "      <th></th>\n",
       "      <th>0</th>\n",
       "      <th>2007/3/1</th>\n",
       "      <th>21.878</th>\n",
       "      <th>20.473</th>\n",
       "      <th>22.302</th>\n",
       "      <th>20.04</th>\n",
       "      <th>1977633.51</th>\n",
       "      <th>601318</th>\n",
       "    </tr>\n",
       "  </thead>\n",
       "  <tbody>\n",
       "    <tr>\n",
       "      <th>0</th>\n",
       "      <td>1</td>\n",
       "      <td>2007/3/2</td>\n",
       "      <td>20.565</td>\n",
       "      <td>20.307</td>\n",
       "      <td>20.758</td>\n",
       "      <td>20.075</td>\n",
       "      <td>425048.32</td>\n",
       "      <td>601318</td>\n",
       "    </tr>\n",
       "    <tr>\n",
       "      <th>1</th>\n",
       "      <td>2</td>\n",
       "      <td>2007/3/5</td>\n",
       "      <td>20.119</td>\n",
       "      <td>19.419</td>\n",
       "      <td>20.202</td>\n",
       "      <td>19.047</td>\n",
       "      <td>419196.74</td>\n",
       "      <td>601318</td>\n",
       "    </tr>\n",
       "    <tr>\n",
       "      <th>2</th>\n",
       "      <td>3</td>\n",
       "      <td>2007/3/6</td>\n",
       "      <td>19.253</td>\n",
       "      <td>19.800</td>\n",
       "      <td>20.128</td>\n",
       "      <td>19.143</td>\n",
       "      <td>297727.88</td>\n",
       "      <td>601318</td>\n",
       "    </tr>\n",
       "    <tr>\n",
       "      <th>3</th>\n",
       "      <td>4</td>\n",
       "      <td>2007/3/7</td>\n",
       "      <td>19.817</td>\n",
       "      <td>20.338</td>\n",
       "      <td>20.522</td>\n",
       "      <td>19.651</td>\n",
       "      <td>287463.78</td>\n",
       "      <td>601318</td>\n",
       "    </tr>\n",
       "    <tr>\n",
       "      <th>4</th>\n",
       "      <td>5</td>\n",
       "      <td>2007/3/8</td>\n",
       "      <td>20.171</td>\n",
       "      <td>20.093</td>\n",
       "      <td>20.272</td>\n",
       "      <td>19.988</td>\n",
       "      <td>130983.83</td>\n",
       "      <td>601318</td>\n",
       "    </tr>\n",
       "    <tr>\n",
       "      <th>...</th>\n",
       "      <td>...</td>\n",
       "      <td>...</td>\n",
       "      <td>...</td>\n",
       "      <td>...</td>\n",
       "      <td>...</td>\n",
       "      <td>...</td>\n",
       "      <td>...</td>\n",
       "      <td>...</td>\n",
       "    </tr>\n",
       "    <tr>\n",
       "      <th>2557</th>\n",
       "      <td>2558</td>\n",
       "      <td>2017/12/11</td>\n",
       "      <td>71.200</td>\n",
       "      <td>73.250</td>\n",
       "      <td>73.310</td>\n",
       "      <td>70.820</td>\n",
       "      <td>1139927.00</td>\n",
       "      <td>601318</td>\n",
       "    </tr>\n",
       "    <tr>\n",
       "      <th>2558</th>\n",
       "      <td>2559</td>\n",
       "      <td>2017/12/12</td>\n",
       "      <td>73.250</td>\n",
       "      <td>71.210</td>\n",
       "      <td>73.560</td>\n",
       "      <td>71.170</td>\n",
       "      <td>777900.00</td>\n",
       "      <td>601318</td>\n",
       "    </tr>\n",
       "    <tr>\n",
       "      <th>2559</th>\n",
       "      <td>2560</td>\n",
       "      <td>2017/12/13</td>\n",
       "      <td>71.210</td>\n",
       "      <td>72.120</td>\n",
       "      <td>72.620</td>\n",
       "      <td>70.200</td>\n",
       "      <td>865117.00</td>\n",
       "      <td>601318</td>\n",
       "    </tr>\n",
       "    <tr>\n",
       "      <th>2560</th>\n",
       "      <td>2561</td>\n",
       "      <td>2017/12/14</td>\n",
       "      <td>72.120</td>\n",
       "      <td>71.010</td>\n",
       "      <td>72.160</td>\n",
       "      <td>70.600</td>\n",
       "      <td>676186.00</td>\n",
       "      <td>601318</td>\n",
       "    </tr>\n",
       "    <tr>\n",
       "      <th>2561</th>\n",
       "      <td>2562</td>\n",
       "      <td>2017/12/15</td>\n",
       "      <td>70.690</td>\n",
       "      <td>70.380</td>\n",
       "      <td>71.440</td>\n",
       "      <td>70.050</td>\n",
       "      <td>735547.00</td>\n",
       "      <td>601318</td>\n",
       "    </tr>\n",
       "  </tbody>\n",
       "</table>\n",
       "<p>2562 rows × 8 columns</p>\n",
       "</div>"
      ],
      "text/plain": [
       "         0    2007/3/1  21.878  20.473  22.302   20.04  1977633.51  601318\n",
       "0        1    2007/3/2  20.565  20.307  20.758  20.075   425048.32  601318\n",
       "1        2    2007/3/5  20.119  19.419  20.202  19.047   419196.74  601318\n",
       "2        3    2007/3/6  19.253  19.800  20.128  19.143   297727.88  601318\n",
       "3        4    2007/3/7  19.817  20.338  20.522  19.651   287463.78  601318\n",
       "4        5    2007/3/8  20.171  20.093  20.272  19.988   130983.83  601318\n",
       "...    ...         ...     ...     ...     ...     ...         ...     ...\n",
